22                                                                                                    
99                                                                                                    
                                                                                                    
                                                                                                    
                                                                                                    
                                                                                                    
                                                                                                    
                                                                                                    
                          11111111111111                                                            
                         111111111111111                                                            
     111   3 4          1111111111111111                                                            
     111   3 4         11111111111111111                                                            
     111   3 4    1111111111111111111111                                                            
          11111   1111111111111111111111                                                            
          11111   1111111111111111111111                                                            
          11111   1111111111111111111111                                                            
          11111   11111111111111111111111                                                           
          11111   11111111111111111111111                                                           
          11111                                                                                     
          11111                                                                                     
                                                                                                    
                                                                                                    
      111     111                                                                                   
      111     111                                                                                   
      111     111        3 4                                                                        
                         3 4                                                                        
                         3 4                                                                        
                        11111                                                                       
                        11111                                                                       
                        11111                                                                       
                        11111                                                                       
                        11111                                                                       
                        11111                                                                       
                        11111                                                                       
                                                                                                    
                                                                                                    
                                                                                                    
                                                                                                    
                                                                                                    
                                                                                                    
                                                                                                    
                                                                                                    
                                                                                                    
                                                                                                    
                                                                                                    
                                                                                                    
                                                                                                    
                                                                                                    
                                                                                                    
                                                       11111111111111                               
                                                      111111111111111                               
                                                     1111111111111111                               
                                                    11111111111111111                               
                                               1111111111111111111111                               
                                               1111111111111111111111                               
                                               1111111111111111111111                               
                                               1111111111111111111111                               
                                               11111111111111111111111                              
                                               11111111111111111111111                              
                                                                                                    
                                                                                                    
                                                                                                    
                                                                                                    
                                                                                                    
                                                                                                    
                                                                                                    
                                                                                                    
                                                                                                    
                                                                                                    
                                                                                                    
                                                                                                    
                                                                                                    
                                                                                                    
                                                                                                    
                                                                                                    
                                                                                                    
                                                                                                    
                                                                                                    
                                                                                                    
                                                                                                    
                                                                                                    
                                                                                                    
                                                                                                    
                                                                                                    
                                                                                                    
                                                                                                    
                                                                                                    
                                                                                                    
                                                                                                    
                                                                                                    
                                                                                                    
                                                                                                    
                                                                                                    
                                                                                                    
                                                                                                    
                                                                                                    
                                                                                                    
                                                                                                    
                                                                                                    
                                                                                                    
