11111111111111111111111111111111111111111111111111111111111111111111111111111111111111111111111111111111111111111111111111111111111111111111111111111111111111111111111111111111111111111111111111111111
11111111111111111111111111111111111111111111111111111111111111111111111111111111111111111111111111111111111111111111111111111111111111111111111111111111111111111111111111111111111111111111111111111111
11111111111111111111111111111111111111111111111111111111111111111111111111111111111111111111111111111111111111111111111111111111111111111111111111111111111111111111111111111111111111111111111111111111
11111111111111111111111111111111111111111111111111111111111111111111111111111111111111111111111111111111111111111111111111111111111111111111111111111111111111111111111111111111111111111111111111111111
11111111111111111111111111111111111111111111111111111111111111111111111111111111111111111111111111111111111111111111111111111111111111111111111111111111111111111111111111111111111111111111111111111111
11111111111111111111111111111111111111111111111111111111111111111111111111111111111111111111111111111111111111111111111111111111111111111111111111111111111111111111111111111111111111111111111111111111
11111111111111111111111111111111111111111111111111111111111111111111111111111111111111111111111111111111111111111111111111111111111111111111111111111111111111111111111111111111111111111111111111111111
11111111111111111111111111111111111111111111111111111111111111111111111111111111111111111111111111111111111111111111111111111111111111111111111111111111111111111111111111111111111111111111111111111111
11111111111111111111111111111111111111111111111111111111111111111111111111111111111111111111111111111111111111111111111111111111111111111111111111111111111111111111111111111111111111111111111111111111
11111111111111111111111111111111111111111111111111111111111111111111111111111111111111111111111111111111111111111111111111111111111111111111111111111111111111111111111111111111111111111111111111111111
11111111111111111111111111111111111111111111111111111111111111111111111111111111111111111111111111111111111111111111111111111111111111111111111111111111111111111111111111111111111111111111111111111111
11111111111111111111111111111111111111111111111111111111111111111111111111111111111111111111111111111111111111111111111111111111111111111111111111111111111111111111111111111111111111111111111111111111
11111111111111111111111111111111111111111111111111111111111111111111111111111111111111111111111111111111111111111111111111111111111111111111111111111111111111111111111111111111111111111111111111111111
11111111111111111111111111111111111111111111111111111111111111111111111111111111111111111111111111111111111111111111111111111111111111111111111111111111111111111111111111111111111111111111111111111111
11111111111111111111111111111111111111111111111111111111111111111111111111111111111111111111111111111111111111111111111111111111111111111111111111111111111111111111111111111111111111111111111111111111
111111111111111111111                                                                                                                                                           111111111111111111111111
111111111111111111111                                                                                                                                                           111111111111111111111111
111111111111111111111                                                                                                                                                           111111111111111111111111
111111111111111111111                                                                                                                                                           111111111111111111111111
111111111111111111111                                                                                                                                                           111111111111111111111111
111111111111111111111                                                                                                                                                           111111111111111111111111
111111111111111111111                                                                                                                                                           111111111111111111111111
111111111111111111111                                                                                                                                                           111111111111111111111111
111111111111111111111                                                                                                                                                           111111111111111111111111
111111111111111111111                                                                                                                                                           111111111111111111111111
111111111111111111111                                                                                                                                                           111111111111111111111111
111111111111111111111                                                                                                                                                           111111111111111111111111
111111111111111111111                                                                                                                                                           111111111111111111111111
111111111111111111111                                                                                                                                                           111111111111111111111111
111111111111111111111                                                                                                                                                           111111111111111111111111
111111111111111111111                                                                                                                                                           111111111111111111111111
111111111111111111111                                                                                                                                                           111111111111111111111111
111111111111111111111                                                                                                                                                           111111111111111111111111
111111111111111111111                                                                                                                                                           111111111111111111111111
111111111111111111111                                                                                                                                                           111111111111111111111111
111111111111111111111                                                                                                                                                           111111111111111111111111
111111111111111111111                                                                                                                                                           111111111111111111111111
111111111111111111111                                                                                                                                                           111111111111111111111111
111111111111111111111                                                                                                                                                           111111111111111111111111
111111111111111111111                                                                                                                                                           111111111111111111111111
111111111111111111111                                                                                                                                                           111111111111111111111111
111111111111111111111                                                                                                                                                           111111111111111111111111
111111111111111111111                                                                                                                                                           111111111111111111111111
111111111111111111111                                                                                                                                                           111111111111111111111111
111111111111111111111                                                                                                                                                           111111111111111111111111
111111111111111111111                                                                                                                                                           111111111111111111111111
111111111111111111111                                                                                                                                                           111111111111111111111111
111111111111111111111                                                                                                                                                           111111111111111111111111
111111111111111111111                                                                                                                                                           111111111111111111111111
111111111111111111111                                                                                                                                                           111111111111111111111111
111111111111111111111                                                                                                                                                           111111111111111111111111
111111111111111111111                                                                                                                                                           111111111111111111111111
111111111111111111111                                                                                                                                                           111111111111111111111111
111111111111111111111                                                                                                                                                           111111111111111111111111
111111111111111111111                                                                                                                                                           111111111111111111111111
111111111111111111111                                                                                                                                                           111111111111111111111111
111111111111111111111                                                                                                                                                           111111111111111111111111
111111111111111111111                                                                                                                                                           111111111111111111111111
111111111111111111111                                                                                                                                                           111111111111111111111111
111111111111111111111                                                                                                                                                           111111111111111111111111
111111111111111111111                                                                                                                                                           111111111111111111111111
111111111111111111111                                                                                                                                                           111111111111111111111111
111111111111111111111                                                                                                                                                           111111111111111111111111
111111111111111111111                                                                                                                                                           111111111111111111111111
111111111111111111111                                                          111111111111111111111111111                                                                      111111111111111111111111
111111111111111111111                                                       1111                         111                                                                    111111111111111111111111
111111111111111111111                                                     111                              11                                                                   111111111111111111111111
111111111111111111111                                                   111                                 11                                                                  111111111111111111111111
111111111111111111111                                                1111             22                     11                                                                 111111111111111111111111
111111111111111111111                                              111         1      11           11   1     11                                                                111111111111111111111111
111111111111111111111                                             11                  11                       11                                                               111111111111111111111111
111111111111111111111                                            11                         1                   11                                                              111111111111111111111111
111111111111111111111                                         1111       11    1                    22           11111                                                          111111111111111111111111
111111111111111111111111111111                           111111                  1      11      1   11    1          11                                                         111111111111111111111111
1111111111111111111111       111                       111                                          11                11                                                        111111111111111111111111
1111111111111111111111         1111                 111111            1      22              1                         1                                                        111111111111111111111111
1111111111111111111111            1111111111111111111   11                   11              1         1      1        11                                                       111111111111111111111111
1111111111111111111111                                                       11               2222222222      1         1                                                       111111111111111111111111
1111111111111111111111                                                    1          1111111111111122222                11                                                      111111111111111111111111
1111111111111111111111                                        1    1               111111111222222111112    11      11   11                                                     111111111111111111111111
1111111111111111111111              1           1                                 11111111  222222222211111 11            1                                                     111111111111111111111111
1111111111111111111111      1   11          11     1                           11111111111  222222222222221      1        1                                                     111111111111111111111111
1111111111111111111111                                              11        111111111111 2222111111111121           1   1                                                     111111111111111111111111
1111111111111111111111                 11                      1             11 11111111   2222111111111121               1                                                     111111111111111111111111
1111111111111111111111                 11              1                    11  11111111   1111111111111121  1      22    1                                                     111111111111111111111111
1111111111111111111111     1                  1             1            1111   1111111 2  11111111  111111         11    1                                                     111111111111111111111111
1111111111111111111111                            1                1   111  1   111111  2  111111111 111  1     1   11    1                                                     111111111111111111111111
1111111111111111111111                                              1111    1    1111   1    1111         11              1                                                     111111111111111111111111
1111111111111111111111       11      1 1111                       111 22    1        22                  111              1                                                     111111111111111111111111
1111111111111111111111       11        1BB1     1              1111   11    1        22              2222221              1                                                     111111111111111111111111
1111111111111111111111                 1BB1           11      11            1        11              1111111   22  1    111                                                     111111111111111111111111
1111111111111111111111                 1BB1        1         11             1                        1111111   11       1111                                                    111111111111111111111111
1111111111111111111111                 1BB1               1111              1                  11111 1111111   11          1                                                    111111111111111111111111
11111111111111111111111111111111111    1BB1      1111111111                 111111111111             1111111               11                                                   111111111111111111111111
1111111111111111111111111111111111111111   111111111111111111111                       1             1111111                1                                                   111111111111111111111111
1111111111111111111111          11            11111            1 22                                  1111111        1       1                                                   111111111111111111111111
1111111111111111111111          11            1 1 1 1 1 1 1 1  1 11                                  1111111                11                                                  111111111111111111111111
1111111111111111111111          11            1   1            1                       1              111111           11    1                                                  111111111111111111111111
1111111111111111111111          11            1 1 1 1 1 1 1 1  1                       1                1111   1   1         1                                              1111111111111111111111111111
1111111111111111111111          111           1           1    1              22       111111111111111  1111                 1                                            111  1111111111111111111111111
1111111111111111111111           11           1 1 1 1 1 1 1 1  1     22       11                     1   111              1  1                                          111    1111111111111111111111111
1111111111111111111111           11 1         1                1     11            22      22        1     1                 1                                        111      1111111111111111111111111
1111111111111111111111           11           1 1 1 1 1 1 1 1  1                   11      11        1111111     22          1                                      111        1111111111111111111111111
1111111111111111111111           11          21         1      1                                          11     11     1   11                                    111          1111111111111111111111111
1111111111111111111111           11          11 1 1 1 1 1 1 1  1                                          1      11         1                                   111            1111111111111111111111111
1111111111111111111111           11  1                      1  1 22                                       1                 1                                  11              1111111111111111111111111
1111111111111111111111           11                            1 11                                 22   11  1             11                                111               1111111111111111111111111
1111111111111111111111           11           111111111111111111                22    22            11   1             1   1                                11                 1111111111111111111111111
1111111111111111111111           11             22              22  22          11   211             22 11       11        1                               11                  1111111111111111111111111
11111111111111111111111          11             11              11  11               11            2211 1   11             1                              11                 111111111111111111111111111
111111111111111111111 11         11                                                                11  11   11             1                           1111                 11  111111111111111111111111
111111111111111111111  11        11                       22                                        22 1                   1                      111111                  111   111111111111111111111111
111111111111111111111   1     1111            2222   2222211                                        11 1            11     1               11111111                     111     111111111111111111111111
111111111111111111111   1     11              2222   22222  22222              2                       1                   1          111111                   11       1  22   111111111111111111111111
111111111111111111111   1     1122           12222   22222  22222              1                      11                   1       1111                        11      11  11   111111111111111111111111
111111111111111111111   1     1111           11111   11111  11111                                    11                    1     111                                 111 22     111111111111111111111111
11111111111111111111122 1     11              MMMM   11111  11111                  2                 1       22       22   1    11                 1                11   11     111111111111111111111111
11111111111111111111111 111CC111                                                   1                11    11 11   1   11   1  111                                 111  2        111111111111111111111111
111111111111111111111    11   11            222 22222 2222 2222 2222            2                   1        11       11   1 11                1                 11    12       111111111111111111111111
111111111111111111111   22      22          222 22222 2222 2222 2222          2 1                  11                      111     1                          1111     112      111111111111111111111111
111111111111111111111   11      11          222 22222 2222 2222 2222          1                   11                                                      11111         112  22 111111111111111111111111
111111111111111111111                       111 11111 1111 1111 1111                              1     1                      11           111111111111111     22    22 112 11 111111111111111111111111
111111111111111111111                       111 11111 1111 1111 1111               2              1                  1         11        1111                   11    11  112   111111111111111111111111
111111111111111111111 22                                                           1             11          11                       1111    22      22          22        1   111111111111111111111111
111111111111111111111 11       22    22     2222 22222 222 2222 222            2                 1       22                      1  111   222211      11      222 11      22    111111111111111111111111
111111111111111111111          11    11     2222 22222 222 2222 222            1                 1       11             11        111     11111          22  2111         11    111111111111111111111111
111111111111111111111   22                  2222 22222 222 2222 222                             11       11       1              11        22            11  1           2222   111111111111111111111111
111111111111111111111   11 22               1111 11111 111 1111 111                            11                              111         11                            1111   111111111111111111111111
111111111111111111111      11      22       1111 11111 111 1111 111         22                 1                              11                      22                        111111111111111111111111
111111111111111111111              11                                       11                11     1                        1                     2211                        111111111111111111111111
111111111111111111111                                                                        11       1              1       11      222 22         111         222             111111111111111111111111
111111111111111111111                                                                       11                11        22   1     22111211                    2111        2    111111111111111111111111
11111111111111111111122     22       22                                       22            1                 11        11  11   2211  111                    211          1    111111111111111111111111
11111111111111111111111     11       11       22                              11            1    1                      11  1    11                      22   1122         1    111111111111111111111111
111111111111111111111                         11            22                              1                               1    1222222                 11  21 11         12   111111111111111111111111
111111111111111111111                              22       11           22                11                               1    1111111       22            11            11   111111111111111111111111
111111111111111111111                              11                    11               11           11                   1   2211           11            1          22  1   111111111111111111111111
111111111111111111111                                                                     1                      11     1   1   11                           1          11  1   111111111111111111111111
111111111111111111111                                                                     1                                 1                22                                 111111111111111111111111
111111111111111111111                                                                    11            1  1                 1                112222                             111111111111111111111111
111111111111111111111                                                     22            11                                  1                 11111                          22 111111111111111111111111
111111111111111111111                  22       22                 22     11            1                                   1                   1 2                          11 111111111111111111111111
111111111111111111111                  11       11                 11                   1                            11     1                     1                  2          111111111111111111111111
111111111111111111111                                                                   1                   11              1                                       21          111111111111111111111111
111111111111111111111                                                              22   1       11                          1                             22      2211          111111111111111111111111
111111111111111111111                                                              11  11                                   1        22                   11     211            111111111111111111111111
111111111111111111111                                    22                            1                 22              1  1        112                         1              111111111111111111111111
111111111111111111111                                    11                            1      1          11           1     1         112                                       111111111111111111111111
111111111111111111111                                                                  1                 11       1         11         11                                       111111111111111111111111
111111111111111111111                                                                 11                                     1                                            22    111111111111111111111111
111111111111111111111                                                                 1                             22       1                         2                  11    111111111111111111111111
111111111111111111111                                                                 1                             11       1                        21       2           12   111111111111111111111111
111111111111111111111                                                                 1           1         11      11       1           11111111111  11       1   2       11   111111111111111111111111
111111111111111111111                                                                 1           1         11               1           1  22222  1  1   22       122          111111111111111111111111
111111111111111111111                                                                 1   11                                 1           1 1222221 1      1122      112         111111111111111111111111
111111111111111111111                                                                 1                                      1           1 1111111 1        11       11         111111111111111111111111
111111111111111111111                                                                 1                       1              1           1 1111111 1         1                  111111111111111111111111
111111111111111111111                                                                 1                             1        11   2 2    1    9    1               22222        111111111111111111111111
111111111111111111111                                                                 1                              1     11 1   1 1    1111  11111 2 2222222     22222        111111111111111111111111
111111111111111111111                                                                 1     22     11     1                   1            1   P1 2221 2222222     22222        111111111111111111111111
111111111111111111111                                                                 1     11                         11     1   222             221  2222222 2   11111   22   111111111111111111111111
111111111111111111111                                                                 1     11                                1   1112            111  2111112 12  11111   11   111111111111111111111111
111111111111111111111                                                                11                      11               1   1 11                  1SSS1   1         21    111111111111111111111111
111111111111111111111                                                                1                             1          1           111                2            1     111111111111111111111111
111111111111111111111                                                                1                                        12          111          2     22222    222       111111111111111111111111
111111111111111111111                                                                1                 1                      12                       1 2   22222    22222     111111111111111111111111
111111111111111111111                                                                1                              22   1111111                         1   11111    22222     111111111111111111111111
111111111111111111111                                                                1           11                 11   1BBBBB                              11111    11111     111111111111111111111111
111111111111111111111                                                                1                  22          11   1BBBBB                              9        11111     111111111111111111111111
111111111111111111111                                                                1                  11               111111 2                                               111111111111111111111111
111111111111111111111                                                                1                  11                    1 12                    22222222222222222         111111111111111111111111
111111111111111111111                                                                1      1  1                              1 11          2         22222222222222222         111111111111111111111111
111111111111111111111                                                                1      1                                 1  1          1222      22222222222222222         111111111111111111111111
111111111111111111111                                                               11                                        11            11112      111111111111 111    22   111111111111111111111111
111111111111111111111                                                               1                                1         1               11      111111111111 1Q1    11   111111111111111111111111
111111111111111111111                                                               1     1        1                           11      1                  9                1    111111111111111111111111
111111111111111111111                                                               1                   11                      1     11 1                          22    21    111111111111111111111111
111111111111111111111                                                              11              22                      1    111          11         11111             11    111111111111111111111111
111111111111111111111                                                              1           1   11         1   22             1111       111  2           2 222              111111111111111111111111
111111111111111111111                                                              1      1        11             11 1  11       111        111  122 22      1 111 2            111111111111111111111111
111111111111111111111                                                              1                              11             1111             11 112        1  1            111111111111111111111111
111111111111111111111                                                              1                   1   1                     1111            2    1122               22     111111111111111111111111
111111111111111111111                                                              1                                             1111111         1     111               1122   111111111111111111111111
111111111111111111111                                                              111111111111111111111111111111111111111111111111111111                                  11   111111111111111111111111
11111111111111111111111111111111111111111111111111111111111111111111111111111111111111111111111111111111111111111111111111111111111111111111111111111111111111111111111111111111111111111111111111111111
11111111111111111111111111111111111111111111111111111111111111111111111111111111111111111111111111111111111111111111111111111111111111111111111111111111111111111111111111111111111111111111111111111111
11111111111111111111111111111111111111111111111111111111111111111111111111111111111111111111111111111111111111111111111111111111111111111111111111111111111111111111111111111111111111111111111111111111
11111111111111111111111111111111111111111111111111111111111111111111111111111111111111111111111111111111111111111111111111111111111111111111111111111111111111111111111111111111111111111111111111111111
11111111111111111111111111111111111111111111111111111111111111111111111111111111111111111111111111111111111111111111111111111111111111111111111111111111111111111111111111111111111111111111111111111111
11111111111111111111111111111111111111111111111111111111111111111111111111111111111111111111111111111111111111111111111111111111111111111111111111111111111111111111111111111111111111111111111111111111
11111111111111111111111111111111111111111111111111111111111111111111111111111111111111111111111111111111111111111111111111111111111111111111111111111111111111111111111111111111111111111111111111111111
11111111111111111111111111111111111111111111111111111111111111111111111111111111111111111111111111111111111111111111111111111111111111111111111111111111111111111111111111111111111111111111111111111111
11111111111111111111111111111111111111111111111111111111111111111111111111111111111111111111111111111111111111111111111111111111111111111111111111111111111111111111111111111111111111111111111111111111
11111111111111111111111111111111111111111111111111111111111111111111111111111111111111111111111111111111111111111111111111111111111111111111111111111111111111111111111111111111111111111111111111111111
11111111111111111111111111111111111111111111111111111111111111111111111111111111111111111111111111111111111111111111111111111111111111111111111111111111111111111111111111111111111111111111111111111111
11111111111111111111111111111111111111111111111111111111111111111111111111111111111111111111111111111111111111111111111111111111111111111111111111111111111111111111111111111111111111111111111111111111
11111111111111111111111111111111111111111111111111111111111111111111111111111111111111111111111111111111111111111111111111111111111111111111111111111111111111111111111111111111111111111111111111111111
11111111111111111111111111111111111111111111111111111111111111111111111111111111111111111111111111111111111111111111111111111111111111111111111111111111111111111111111111111111111111111111111111111111
11111111111111111111111111111111111111111111111111111111111111111111111111111111111111111111111111111111111111111111111111111111111111111111111111111111111111111111111111111111111111111111111111111111
11111111111111111111111111111111111111111111111111111111111111111111111111111111111111111111111111111111111111111111111111111111111111111111111111111111111111111111111111111111111111111111111111111111


